-2.35265933264
-2.32424886473
-2.34713049114
-2.34264344301
-2.35274843442
-2.31495638976
-2.33454367974
-2.36498980286
-2.35603730907
-2.34919635587
-2.37578044124
-2.3517489728
-2.33472366499
-2.265500972
-2.35064881739
-2.3756449094
-2.35002089314
-2.37359905493
-2.35487651364
-2.34256302503
-2.33737243613
-2.34322927416
-2.32722700534
-2.33972305308
-2.33460825522
-2.37485206965
-2.35274843442
-2.37359905493
-2.35605967748
-2.27185518594
-2.33972305308
-2.28696288613
-2.37356702651
-2.35265933264
-2.35003993341
-2.35265933264
-2.40224060815
-2.38371042163
-2.37035642727
-2.38488976661
-2.37642164432
-2.36761790363
-2.36978577964
-2.37139866964
-2.34798610852
-2.36606915035
-2.3810227145
-2.36783419048
-2.36861842785
-2.36972002643
-2.3743306556
-2.3700516303
-2.37719644115
-2.37129000792
-2.36844290767
-2.37654701641
-2.37902072141
-2.35352031767
-2.36561607314
-2.33995051205
-2.37337447712
-2.3810227145
-2.36783419048
-2.36656137747
-2.37129000792
-2.37410037303
-2.38153136308
-2.37866784037
-2.36596430805
-2.37177179615
-2.37672592967
-2.37272822821
-2.37252835747
-2.37411623248
-2.33320534371
-2.36827154054
-2.35352031767
-2.37750334114
-2.36427569331
-2.35717570866
-2.37067598582
-2.3675423003
-2.37447044776
-2.36913944322
-2.36831028501
-2.37372026493
-2.37478667157
-2.37549091213
-2.39313152438
-2.37786627096
-2.36921007046
-2.36644142346
-2.37906205037
-2.3696394006
-2.37776757328
-2.37149133805
-2.37743788474
-2.35034608992
-2.37997247067
-2.35980229736
-2.37597224301
-2.36962581078
-2.3759986028
-2.37097607447
-2.37612979053
-2.36749170576
-2.35988445774
-2.37123901004
-2.36241504851
-2.37364488706
-2.37380282645
-2.38016380446
-2.37202962707
-2.36413680161
-2.36282919589
-2.3751762244
-2.36946852686
-2.37152519345
-2.29533519185
-2.37799152999
-2.37468114311
-2.37594558425
-2.37418429931
-2.34306873279
-2.38134898336
-2.37553435557
-2.34484618468
-2.38143466005
-2.37761095243
-2.38113481859
-2.33618217798
-2.3776296014
-2.36667775431
-2.37938369926
-2.38517887441
-2.37531378741
-2.37563734189
-2.38448849663
-2.37888038309
-2.37525096199
-2.37917625906
-2.3781108169
-2.38284410235
-2.37483535545
-2.3729747113
-2.3792839817
-2.38538777122
-2.37342939694
-2.38474043733
-2.38474043733
-2.37982134984
-2.37317000388
-2.38551764214
-2.36919582298
-2.37735643624
-2.3780438429
-2.37514549461
-2.37642547812
-2.3808415066
-2.37515730241
-2.37681849902
-2.36667889325
-2.37766124414
-2.38021751249
-2.38320861926
-2.38524969945
-2.37899931832
-2.37795460437
-2.3795073678
-2.38609476795
-2.38081411467
-2.38037241307
-2.36461466728
-2.36941549576
-2.36824701865
-2.37990661154
-2.37512958724
-2.3776127029
-2.36969686305
-2.32235200054
-2.3745471708
-2.36881552372
-2.40015650322
-2.41340647801
-2.38958482452
-2.38062479727
-2.38572646918
-2.38524281853
-2.39941896329
-2.38054174327
-2.38305795249
-2.37890669917
-2.37260163342
-2.38006123255
-2.3722109779
-2.3824843257
-2.3760272666
-2.37446442876
-2.38135332159
-2.37315894274
-2.38208281734
-2.37440538904
-2.38293901224
-2.37793411384
-2.38115405368
-2.37775557728
-2.37528092152
-2.38054738335
-2.37936993253
-2.38688106417
-2.37278009677
-2.37596181861
-2.37006167731
-2.27131935092
-2.37894518536
-2.37037944722
-2.36839835171
-2.37313489621
-2.37678102044
-2.38193730764
-2.37671163802
-2.37365167644
-2.33708405235
-2.37868183573
-2.29851563107
-2.37005712417
-2.38264179748
-2.37968304943
-2.36569391289
-2.37727270721
-2.38296627589
-2.37675637359
-2.36188804769
-2.36749383276
