-2.38657421484
-2.38744035265
-2.3870001444
-2.38651327844
-2.38796057288
-2.39120479553
-2.38732614234
-2.38702668072
-2.38618116241
-2.38601442773
-2.38650517084
-2.38571648501
-2.38642066398
-2.41410147677
-2.38741493102
-2.38736291101
-2.38678579943
-2.38699626387
-2.38794620743
-2.38466558492
-2.38684491391
-2.38677387341
-2.38698980421
-2.38630900063
-2.38716054343
-2.38622529257
-2.38796057288
-2.38699626387
-2.38863408263
-2.41975035791
-2.38630900063
-2.38839962288
-2.38725665853
-2.38657421484
-2.38638409542
-2.38657421484
-2.39416967889
-2.38710593981
-2.3881830102
-2.38759228955
-2.3870328004
-2.38529106074
-2.38406120335
-2.38541525661
-2.38792830541
-2.38461857757
-2.386158712
-2.38528790046
-2.38476116868
-2.38515834123
-2.38533118733
-2.38483484037
-2.38533356556
-2.38648109173
-2.38496685728
-2.38575292344
-2.38498509512
-2.38530633706
-2.38386788995
-2.38421874487
-2.38344373028
-2.386158712
-2.38528790046
-2.38473122621
-2.38648109173
-2.38573346966
-2.3867495558
-2.3869634956
-2.38293604373
-2.38378536635
-2.38386909052
-2.38221519757
-2.38525382854
-2.38525630747
-2.38816770724
-2.38446835314
-2.38530633706
-2.3839695346
-2.38288265663
-2.38475096101
-2.38403152802
-2.38568139983
-2.38595909094
-2.38493933112
-2.38527949375
-2.38722567312
-2.38704655514
-2.38715347387
-2.38769477999
-2.38677623831
-2.38777544362
-2.38753488243
-2.38744948996
-2.38696431911
-2.38688832863
-2.38757410952
-2.38707540681
-2.38693393759
-2.38690679544
-2.38633658074
-2.38697905153
-2.38613166021
-2.38647034217
-2.38735537574
-2.38771979496
-2.38676268208
-2.38868146001
-2.38725466143
-2.38688113013
-2.38678421342
-2.38740718918
-2.3870588813
-2.38716426751
-2.38640559183
-2.38816643156
-2.3872284363
-2.38672673299
-2.38724630406
-2.40306984874
-2.38692485596
-2.38703939882
-2.38680229838
-2.38672241918
-2.39212799796
-2.39021515075
-2.38681365428
-2.38590334479
-2.3868647172
-2.3879870849
-2.38866401012
-2.39076511332
-2.38716445118
-2.3865735642
-2.38732843318
-2.38749126077
-2.38575368639
-2.38677059008
-2.38815348481
-2.3874790947
-2.38629446304
-2.38727636828
-2.38663159412
-2.38884149428
-2.38619096052
-2.38649366934
-2.38706533951
-2.38792192912
-2.385777384
-2.38735033863
-2.38735033863
-2.38687520023
-2.38501620428
-2.38861238526
-2.38767911512
-2.38710940415
-2.3870642121
-2.38709570523
-2.38676299372
-2.38608108361
-2.38703003961
-2.38589447325
-2.38789380872
-2.38734107917
-2.3872276459
-2.38804911783
-2.38790110701
-2.38689656604
-2.38620382032
-2.3871330063
-2.38677497268
-2.38622089364
-2.38757364482
-2.38655629548
-2.38856468112
-2.38779740343
-2.38573020161
-2.38662689952
-2.38691669043
-2.38668989846
-2.39071716984
-2.38595976529
-2.38704968438
-2.39254453952
-2.38926372917
-2.39087991694
-2.38784316667
-2.38835889804
-2.38765631979
-2.39008304344
-2.38731739869
-2.38814602239
-2.38763358624
-2.3865763038
-2.38820268683
-2.38552903474
-2.38709794096
-2.3869448302
-2.38694762957
-2.38808935358
-2.38649428645
-2.38739999559
-2.38791902337
-2.38724094317
-2.38758733609
-2.38728484986
-2.38717443394
-2.38600192479
-2.38676355193
-2.38652510455
-2.38852260434
-2.38457780181
-2.38676569528
-2.38505153345
-2.41710183823
-2.38682488161
-2.38565471519
-2.38692313196
-2.38726003839
-2.38695027774
-2.3865850158
-2.38928669109
-2.38614257844
-2.390257672
-2.38778401444
-2.4194889294
-2.38796667423
-2.38736629119
-2.38762952498
-2.38857914328
-2.38685420116
-2.38739391525
-2.38746193376
-2.38981533022
-2.38437660201
