-2.38280494138
-2.38241075031
-2.3835617613
-2.38262196628
-2.38374365606
-2.38328311779
-2.38251742086
-2.38382021512
-2.38283305377
-2.38265819989
-2.38421541224
-2.38239896757
-2.38200025059
-2.38213688945
-2.38207293016
-2.38438550072
-2.38307773922
-2.3841513843
-2.38311313266
-2.38312646646
-2.38276734665
-2.38143947237
-2.38203862671
-2.38263291802
-2.38154217819
-2.38510456237
-2.38374365606
-2.3841513843
-2.38370377191
-2.38203682599
-2.38263291802
-2.3855660292
-2.3839891441
-2.38280494138
-2.38349838616
-2.38280494138
-2.38832284024
-2.3854526547
-2.38437563427
-2.38658920932
-2.38388128734
-2.38404685097
-2.38419866374
-2.38485652214
-2.38396151759
-2.38546715663
-2.38742113326
-2.38622910561
-2.38408664144
-2.38362665386
-2.38407241757
-2.38367081323
-2.38473488892
-2.38462992027
-2.38435663293
-2.38531807781
-2.38569420511
-2.38344439247
-2.38461786066
-2.38376857646
-2.38444215331
-2.38742113326
-2.38622910561
-2.38622145153
-2.38462992027
-2.38421229129
-2.38447624029
-2.38409193719
-2.3841281525
-2.38432336941
-2.38462933348
-2.3842434957
-2.38377151393
-2.38548726363
-2.38257687553
-2.38366900855
-2.38344439247
-2.38545967759
-2.3853526758
-2.38249777735
-2.3840506793
-2.38409292126
-2.38454441062
-2.38523446437
-2.38420631559
-2.3838459676
-2.38379673386
-2.38418937132
-2.38562371324
-2.38523967044
-2.38376336354
-2.38345355438
-2.38428762531
-2.38342118147
-2.38430794704
-2.38374785342
-2.38435972741
-2.38287314055
-2.38421067486
-2.3821413972
-2.38408477587
-2.38337436985
-2.3844019072
-2.38381048711
-2.38402361513
-2.38330074564
-2.38303508014
-2.38368812698
-2.38287353164
-2.38356132559
-2.38363616317
-2.3845897462
-2.38369549017
-2.38271423691
-2.38303473915
-2.38401647909
-2.3832585324
-2.38338514271
-2.38308428168
-2.38424803924
-2.38399622692
-2.38418146341
-2.38385139201
-2.38360608125
-2.38508261752
-2.38397305936
-2.38112720334
-2.38469776514
-2.38421813243
-2.3857986115
-2.38349982987
-2.38435509921
-2.38315207263
-2.38456216997
-2.38525763448
-2.38438798618
-2.38412391523
-2.38499855537
-2.38450790816
-2.38525385321
-2.38404404911
-2.3841161975
-2.38433687755
-2.38385395231
-2.38372309015
-2.3845195537
-2.38480352558
-2.38471297084
-2.38531982183
-2.38531982183
-2.3851785586
-2.3855496444
-2.38492210935
-2.38418557787
-2.38420206549
-2.38386794445
-2.3838543654
-2.38413653997
-2.38438180569
-2.38372632606
-2.38438569878
-2.38356903994
-2.38388415818
-2.38420089139
-2.38475579036
-2.38528255418
-2.38422950331
-2.38435621225
-2.38428555352
-2.38531343082
-2.38540478648
-2.38464808724
-2.38258924268
-2.38512452846
-2.38378665751
-2.3847267499
-2.38420400034
-2.38505884142
-2.38302569151
-2.38333235942
-2.38470228596
-2.3846326896
-2.3883557683
-2.38663474654
-2.38707330824
-2.38444364135
-2.38573652607
-2.38474809415
-2.38728271142
-2.38489382285
-2.38430230924
-2.38465512132
-2.38384474267
-2.38473250601
-2.38447635108
-2.38459417564
-2.3840586255
-2.38395149998
-2.38471162229
-2.38386257818
-2.38469871897
-2.38427438072
-2.38472721027
-2.38446309124
-2.3849001403
-2.38412816248
-2.38453435155
-2.38454130446
-2.38410871999
-2.38565228294
-2.38400266893
-2.38494046043
-2.38431714378
-2.38264364308
-2.38439909559
-2.38401616
-2.38379664976
-2.38357196164
-2.38443452208
-2.38571255892
-2.38406347186
-2.38431670709
-2.38368654656
-2.38465754066
-2.38344603873
-2.38377194066
-2.38481407603
-2.38500903108
-2.38407536072
-2.38497304644
-2.38444331757
-2.38385468455
-2.38394551915
-2.38430985918
