-0.729858682482
-1.76783434655
-1.90997357108
-1.28511822075
-1.58605619795
-1.88013674869
-1.77525305743
-1.78468918559
-1.42082459313
-1.88032008851
-0.996019640961
-1.161121402
-1.89514731187
-1.84912416274
-2.37576450622
-2.14259216311
-1.54653015096
-2.39499521884
-0.822425277925
-0.777233436167
-1.47774557352
-1.97609840228
-1.41051982563
-2.0201411158
-1.44094076297
-1.65434063462
-1.58605619795
-2.39499521884
-1.76211923077
-2.24965417973
-2.0201411158
-0.0100793445439
-1.9095472742
-0.729858682482
-0.544060865033
-0.729858682482
-1.41921796013
-1.37039219747
-1.78893253021
-1.45213716106
-1.36650337722
-0.485432094018
-1.42826098737
-2.48054132214
-2.11985307408
-0.190654419952
-0.190046631746
-0.455289165896
-2.5575411403
-2.18111623956
-2.50345183142
-1.65426742746
-1.9479436445
-1.90144445636
-1.97543228146
-1.97587467563
-1.19985502924
-0.682969168441
-0.883599548499
-1.83025898254
-2.09209651133
-0.190046631746
-0.455289165896
-0.614196016514
-1.90144445636
-1.93272853525
-2.19723635087
-2.34637977494
-1.82356472524
-2.6149335954
-2.29470231415
-2.04042911461
-2.28550987684
-1.64139694986
-1.68267526894
-1.18454282421
-0.682969168441
-2.13644554852
-1.30928280068
-1.88879432202
-1.73632564873
-1.96135146172
-0.592793924345
-1.04418816403
-1.42573570553
-1.91827352295
-1.89774073249
-1.72570216069
-2.01186138217
-2.16718412028
-2.02081725476
-1.97922306165
-2.59596186011
-1.98629392478
-1.60622628398
-0.428099938944
-1.73369777789
-2.26821723956
-2.36814070282
-1.98733469468
-2.34762707769
-2.04649864003
-1.79945965471
-1.89750350162
-1.65720735732
-1.88204205411
-1.88618976381
-1.74740122549
-1.75977311423
-1.40407394843
-1.55439439533
-2.32569907194
-1.74912617084
-2.23215375381
-1.4818453428
-1.59357078924
-2.0477161177
-1.83901353986
-1.76326309456
-2.15868857427
-1.87229873339
-2.07810351593
-1.91590937019
-1.79939771488
-1.36893750941
-1.59040671231
-2.43660535535
-1.68593033039
-1.99097717746
-2.12782872189
-1.70131961165
-1.95247261207
-1.16089231615
-2.22703405063
-2.34228689543
-1.25647695448
-1.84181540606
-1.21310294694
-2.07483845815
-0.0673726345064
-2.19500458002
-1.85723461889
-1.40772378574
-1.85918095504
-2.29829452747
-2.90464052125
-0.69314718056
-1.70891622306
-1.70891622306
-2.32070029937
-1.91717636643
-1.12898898574
-2.1047918878
-1.97469328871
-2.33443677236
-1.67822251787
-1.84403244327
-1.98551811814
-1.97401016992
-1.5724666471
-1.89350806319
-1.57529647123
-1.67132645868
-2.99761443264
-3.12757262712
-1.15325139665
-1.96359851881
-1.81691211494
-2.2039160377
-2.30435027743
-1.52069397785
-2.94921523386
-1.34553026031
-2.10724524768
-1.93418691102
-2.20812843076
-1.95147888803
-1.88971642126
-1.71570237892
-2.49931197454
-1.71426200501
-1.92751919128
-2.43798680207
-0.968347830136
-0.376436575138
-1.86831521531
-1.99654924828
-1.68675584326
-2.17591243076
-0.32004993984
-1.60749873214
-1.87869452302
-1.63723041363
-1.88140799578
-1.7086084641
-1.51208649269
-1.48645058304
-1.75526122754
-2.14261406437
-1.62218576456
-1.8776789444
-1.24074042894
-2.18327286855
-1.91522433592
-2.42973888263
-2.07139166774
-2.12018804425
-2.03928924991
-1.72482677843
-2.30864194749
-1.5711404152
-2.20494563309
-1.92766589832
-2.02180657359
-2.27454550042
-1.86557293362
-2.38798059359
-2.79521652197
-1.91918335757
-2.11220604489
-1.47825350489
-2.37026195098
-2.03563713958
-2.01374365197
-1.64280864639
-2.04091237311
-1.49725394471
-2.3591729674
-1.87755446274
-2.47361342772
-1.90195187256
-1.95940968002
-1.96986300165
-2.26777980919
