-2.18093624176
-2.33797177956
-2.1627793648
-2.10553624598
-2.2585791804
-2.13911113196
-2.0247474934
-2.24310507922
-2.25551414959
-2.22828349481
-2.39959871417
-2.50572621121
-2.16212761323
-2.16266629034
-2.09416738008
-2.0956111516
-2.16228242034
-2.12613576718
-2.23501283011
-2.32194939292
-2.05329435299
-2.29904028919
-2.15273016205
-2.14390265131
-2.16358639034
-2.25554197724
-2.2585791804
-2.12613576718
-2.30278098383
-2.11790060096
-2.14390265131
-2.36282859331
-2.14808170324
-2.18093624176
-2.3482306243
-2.18093624176
-2.13804501862
-2.06002800184
-2.12004522105
-2.22549818975
-2.29846419509
-2.11300224034
-2.28409212576
-2.0914671916
-1.9810781167
-2.11451835976
-1.81120857138
-2.47673382167
-2.36134423218
-2.47060311585
-2.11483346513
-2.29120493309
-2.12610576354
-2.25854296987
-1.94469716249
-2.09719744625
-2.06860977135
-2.05721961769
-2.28016968188
-2.05379529815
-1.93850219206
-1.81120857138
-2.47673382167
-2.32958898448
-2.25854296987
-2.24466125485
-2.27665621402
-2.7150469819
-1.91869037383
-1.96288870196
-1.83776436164
-1.92559499086
-2.3227607484
-2.01888829475
-2.18461771161
-2.15111635085
-2.05721961769
-1.97641101098
-2.00956786492
-2.17057702358
-2.10279928522
-2.16580752831
-2.29223333822
-2.10949813437
-2.17497700358
-2.10933960847
-2.2604640171
-2.20667680441
-2.26789560151
-2.11064930096
-2.19556192698
-2.06369641361
-2.1030015727
-2.10469274915
-2.23728761799
-2.50238781946
-2.25301801277
-2.11939356402
-2.19677532076
-2.0980227139
-2.24389188785
-2.71543853273
-2.08082219199
-2.20742315182
-2.49550981455
-2.43158532933
-2.18276863053
-2.29769798194
-2.29037492625
-2.13819618449
-2.2180484752
-2.32972359338
-2.41327448408
-2.0941806661
-2.37402151775
-2.17596005513
-2.24540874867
-2.2642398359
-2.3099883952
-2.22075483595
-2.35121244211
-1.98261851784
-2.19579900715
-2.34852164975
-2.22847357882
-2.36641880939
-2.18890804359
-2.13748496173
-2.19638221099
-2.23659887238
-2.18488806589
-2.3054647427
-2.59122399417
-2.05354745704
-2.00928703148
-2.15213429656
-2.05939740941
-2.26900429457
-2.01701525276
-2.10971672698
-2.12541213772
-2.23486101703
-2.36646445798
-2.15507428152
-2.15919923401
-2.13748885953
-2.28050717244
-2.05686249236
-2.05686249236
-2.05976932761
-2.58640342333
-2.25430603272
-2.27798996518
-2.10578086207
-2.07105461807
-2.21852672866
-2.5310484954
-2.15668866942
-2.12997896221
-2.09498233631
-2.03463418495
-2.16479073069
-2.18738899234
-2.50451736401
-2.16067110802
-2.36720572058
-2.55882443009
-2.25386210691
-2.16092104916
-2.32216326341
-2.46617776858
-1.90001046109
-2.37072522815
-2.25786282625
-2.12266007771
-2.18858196624
-2.06439063194
-2.10887923037
-2.33667242256
-2.07951402886
-2.09625530776
-2.17489791858
-2.0234854204
-2.25793843345
-2.22900917993
-1.93332417213
-2.03204125338
-2.21209116899
-2.15865115271
-2.20690257541
-2.12997465567
-2.22265660906
-2.39710432139
-2.18065713132
-2.13432560679
-2.14118208944
-2.23582057471
-2.14029480794
-2.11630221112
-2.16342252315
-2.31413592167
-2.33836757558
-2.15953617104
-2.19092143495
-2.10165898015
-2.05116063051
-2.15553041933
-2.45212050837
-2.15561602384
-2.0832942816
-2.07946619084
-2.19450060302
-2.10499986007
-2.28761027871
-2.18707967712
-2.14299188156
-2.14559549158
-2.16937550542
-2.15478240493
-2.31007198686
-2.24321228908
-2.5405026737
-2.26846997006
-2.16870858682
-2.04481465346
-2.3717073236
-2.34638811397
-2.20209484338
-2.32176220343
-1.99155166892
-2.50182745679
-2.3665668378
-2.24024112069
-2.06151191312
