-2.36852671257
-2.39072160594
-2.3706955189
-2.36869883338
-2.37324792802
-2.36970329614
-2.36585373593
-2.37255876973
-2.37233286822
-2.3662868258
-2.40002085112
-2.37815120603
-2.36835880024
-2.36761447916
-2.37038175115
-2.36975032171
-2.3681213739
-2.36730256405
-2.37117957074
-2.36670537672
-2.36714272942
-2.37166901365
-2.36802767982
-2.3669389558
-2.36865232244
-2.37417644789
-2.37324792802
-2.36730256405
-2.37251668189
-2.36751748008
-2.3669389558
-2.37685160309
-2.36926825921
-2.36852671257
-2.3776666265
-2.36852671257
-2.36954132284
-2.36898115151
-2.36898015834
-2.37337601177
-2.36815893844
-2.37049334902
-2.3740017416
-2.36808820637
-2.36796593305
-2.3734521058
-2.36854058449
-2.37168761042
-2.36996487291
-2.39136732907
-2.36942980564
-2.37360215342
-2.37323878758
-2.37223165258
-2.36541271953
-2.36758987228
-2.35812512633
-2.36381590577
-2.37361464754
-2.37059604142
-2.36757853064
-2.36854058449
-2.37168761042
-2.37862076532
-2.37223165258
-2.37322741284
-2.37093924834
-2.37083384711
-2.36679343694
-2.36833148795
-2.3651352938
-2.36583540346
-2.37544290695
-2.36784697334
-2.36928971946
-2.37160013093
-2.36381590577
-2.37178349526
-2.36369379545
-2.36931619545
-2.36981747712
-2.36856475761
-2.37706747373
-2.36965633592
-2.36833993909
-2.37050535604
-2.37000558134
-2.37061723592
-2.37060824176
-2.36745587433
-2.37087801954
-2.36370305164
-2.36818465037
-2.36511693961
-2.3702326949
-2.38199903468
-2.37242407054
-2.36900559793
-2.3720052507
-2.36604633123
-2.37152495609
-2.37132541614
-2.36568296075
-2.36883864351
-2.37113308069
-2.37926205868
-2.36769752161
-2.37387569755
-2.37039703555
-2.36801222191
-2.36822509578
-2.37021857373
-2.37146492523
-2.36793981304
-2.36778692447
-2.36889189645
-2.3699648131
-2.36853620739
-2.3763477615
-2.37229570567
-2.37240603244
-2.36698455452
-2.36860744151
-2.37374152927
-2.36761204385
-2.37279060167
-2.37008836956
-2.36770580775
-2.36972415655
-2.37209119285
-2.36565886947
-2.37161073676
-2.36756669094
-2.36811095497
-2.36641960872
-2.36872883958
-2.3662386914
-2.37397119972
-2.36870359069
-2.38574072261
-2.37777964199
-2.37960080396
-2.37471015873
-2.37061620293
-2.36964044729
-2.36749047772
-2.37981436542
-2.36653205873
-2.36653205873
-2.37104009099
-2.37383248964
-2.37006782286
-2.37229829123
-2.36986113171
-2.36869062407
-2.37258190501
-2.37281514967
-2.36968429398
-2.36900243736
-2.36764851229
-2.36719786501
-2.36823460335
-2.37192826045
-2.37594934997
-2.3728736375
-2.37804973835
-2.36548228234
-2.37501250008
-2.37419645796
-2.37320350642
-2.36913175386
-2.36352287109
-2.37090975492
-2.37268734924
-2.36931146034
-2.37236582912
-2.36548282295
-2.36568551456
-2.37321267095
-2.36786034177
-2.36864366742
-2.37048349025
-2.36793609339
-2.37513690117
-2.36673058091
-2.36077872811
-2.36815239884
-2.36973615037
-2.36801171376
-2.36980827896
-2.36479587968
-2.36802403008
-2.37204225542
-2.36930926702
-2.36806120195
-2.3691359202
-2.37067815025
-2.36718974524
-2.36559694096
-2.37070338438
-2.37051692907
-2.36869617514
-2.3676643829
-2.36863286404
-2.36742894845
-2.36687957747
-2.36762952471
-2.37380086593
-2.36726137166
-2.36661227472
-2.36802240657
-2.37000110776
-2.36830598038
-2.37380440311
-2.3747118607
-2.37236625075
-2.36988792699
-2.37038103701
-2.36899740086
-2.37457249933
-2.37241728265
-2.37383413928
-2.3772504269
-2.36583265611
-2.36927640449
-2.37052809394
-2.37349320404
-2.37598878717
-2.37168018859
-2.36356640659
-2.38048531409
-2.37476370693
-2.37380853067
-2.36749724334
