-0.0746574312774
-0.0432838087991
-1.81300231296e-05
-0.0742114184516
-0.103641266758
-0.0246351400996
-0.0177055593801
-0.329549584223
-0.0168278262751
-0.0297735607069
-0.424801650067
-0.0472179274014
-0.0129237606425
-0.0279875295641
-0.042002552619
-0.119066319892
-0.0250096588163
-0.306480697175
-0.0447631443986
-0.0622243158153
-0.00711817321
-0.116945037984
-5.35101563182e-06
-0.0150253194128
-0.122736786291
-0.453122511094
-0.103641266758
-0.306480697175
-0.134962533888
-0.830925809376
-0.0150253194128
-7.49247708985e-06
-0.156182515061
-0.0746574312774
-0.00540422199132
-0.0746574312774
-0.350523138598
-0.188939570824
-0.0288822446406
-0.183890174128
-0.529630728308
-0.142450039017
-0.0656704812467
-1.0495883999
-0.397866154673
-0.0418379365661
-0.0339934898012
-0.0178652060267
-0.322185073066
-0.69314718056
-0.408173858126
-0.296857086294
-0.07432816348
-0.211102969575
-0.206851874377
-0.56328111151
-0.0434406093464
-0.117532466889
-0.0178326631862
-0.0555208645336
-0.315315492949
-0.0339934898012
-0.0178652060267
-0.030083591132
-0.211102969575
-0.349525838547
-0.178087249543
-0.339385113809
-0.110775068562
-0.113330478327
-0.248966492578
-0.153277908353
-0.191009376376
-0.110104525106
-0.38633235282
-0.368286142696
-0.117532466889
-0.117938621257
-0.0107010255046
-0.310466395013
-0.123800584924
-0.296292527342
-0.241306766247
-0.415680893078
-0.223762702641
-1.6717366292
-2.06670938177
-0.797871747412
-0.521270497912
-1.47029304105
-1.35832905491
-1.57397280457
-0.877207615731
-0.715084816207
-0.434217314873
-0.591428270307
-0.529989847511
-0.469585054089
-1.86480429231
-0.556275726222
-1.55354389884
-1.55695211831
-1.13852960117
-1.11318695047
-1.58548385085
-0.50265089376
-0.743550243975
-0.92835634372
-0.513621260539
-0.909456463016
-1.57473239882
-0.583209621183
-1.01633807314
-0.831168847118
-0.922654386479
-0.973921694817
-1.11274933968
-2.13610258632
-1.0080395583
-0.900107032559
-1.83172906733
-0.896796937334
-0.630086331982
-1.50928438658
-0.293242972354
-1.5010831507
-0.355137177048
-1.0749753722
-1.09968378574
-0.991082812855
-0.64437507839
-0.902661244439
-1.08767945793
-0.881198877141
-2.32890853275
-0.157159472863
-4.03146157125
-1.70275434886
-1.95757383815
-0.12368634333
-1.02142083451
-0.588228834099
-1.03776962888
-1.28772035847
-0.36639057105
-1.53285537213
-0.191890579893
-0.20085914056
-0.20085914056
-1.27069229213
-1.24642077054
-0.0439399247605
-0.821170333309
-0.177397227216
-0.519051461822
-0.953644153267
-2.76889505106
-0.148215158385
-0.582221976856
-0.333866512222
-0.155833874238
-0.322214662122
-1.10304805366
-1.05077868033
-0.788093047525
-0.481757611965
-0.860970942406
-1.2602591755
-1.2265921437
-0.727432137095
-0.338190166838
-1.79731371066
-0.322214431221
-0.372328334424
-0.120273405315
-0.802714695017
-0.59291916441
-0.551167093592
-1.20271078436
-0.682996384278
-0.170768166138
-0.0883232400623
-0.303890577356
-0.307490007384
-0.1314025847
-0.880661903408
-0.609144104052
-0.229278140331
-1.30043095406
-0.591219318763
-1.06348784033
-0.649286603368
-0.381353554884
-0.757676433521
-0.683153436143
-0.505930800247
-0.841279052806
-1.17780157801
-0.800479952363
-1.20159063185
-0.545377770941
-0.246314745937
-1.30136109607
-0.592441520492
-1.23261888516
-0.354125383329
-0.4151599602
-1.77599168108
-0.186426928452
-0.208492365532
-0.129815423504
-0.809295394324
-0.0609450860974
-0.913389663837
-1.65191640831
-0.0638049670582
-0.933999843688
-0.52284810398
-0.893174184219
-0.187582882613
-0.382379589653
-0.328918483584
-0.769236180316
-1.03074443879
-0.649297001932
-1.31389134404
-1.23121286033
-0.590124135362
-0.959389464103
-0.481013295135
-0.622997309212
-0.63299207412
-1.95616008162
-0.336271616445
