-2.17617371557
-1.44549350956
-1.54422209602
-0.94753623771
-2.34206139392
-2.07426858794
-0.777700570657
-3.23090196722
-2.76728315109
-1.85999699094
-3.5131440782
-3.09194385053
-1.49230304731
-2.68540944739
-1.22356885785
-2.52398688853
-0.627848111955
-0.987947096517
-2.52598341816
-0.611300098044
-0.642023538954
-3.08088977241
-2.01178658421
-2.08884968273
-2.78641920394
-2.35437783491
-2.34206139392
-0.987947096517
-3.16552595216
-2.95787257996
-2.08884968273
-1.69092264738
-3.46170163258
-2.17617371557
-1.36039487932
-2.17617371557
-3.19788610984
-0.81356077151
-2.8376461718
-1.25387186795
-1.85798700629
-0.467771560417
-0.0852708332424
-0.580454312665
-0.280181493009
-0.0500269459859
-0.0492944128519
-0.0669736899051
-1.31220694061
-2.65841643338
-1.20546246811
-1.31193809126
-0.385098708756
-1.34525239531
-0.0419825959091
-0.29645198813
-3.03916745545e-07
-0.024350759492
-0.197033015956
-0.0808280486026
-0.00590381083026
-0.0492944128519
-0.0669736899051
-0.139864119061
-1.34525239531
-0.661840274039
-1.59247623305
-1.7851724991
-0.00427085623759
-0.0270120490906
-9.02394435881e-07
-0.0168600358596
-0.0308639960464
-0.126710984776
-2.03918597309
-0.0971365900678
-0.024350759492
-0.131036473482
-7.15402823317e-06
-2.78808505557
-0.0642843760169
-3.16745596912
-0.321557118005
-0.0648900796981
-0.87543538668
-3.45279084284
-3.31515811711
-3.89795047843
-3.69170623466
-3.54409443565
-3.69604020823
-3.52253865806
-3.7304088402
-3.27990004119
-3.33978515028
-4.00116169674
-4.05614705351
-3.22452826944
-3.72820664892
-3.30069049693
-3.77158067147
-3.69725020845
-3.4967481967
-3.73111507584
-3.63012936403
-3.5405745642
-3.5424626372
-4.17286527723
-3.76001980086
-4.23199848129
-3.2850137058
-3.20418395291
-3.74300374679
-3.88691319841
-3.69223188984
-4.08926477168
-3.83012435728
-3.62346135298
-3.66048531158
-4.08716071334
-3.95567539478
-2.80329418931
-3.34428349102
-3.69964444362
-3.49660457459
-3.63441690255
-3.42129426248
-3.81411960199
-4.16793142626
-3.66974453291
-3.47654874185
-3.70098802906
-3.27617529216
-4.27901538044
-2.78864809997
-2.22550249117
-3.7164780539
-4.10993970564
-3.35547652366
-1.82112476367
-3.65268735495
-4.30140335486
-3.65754423129
-3.96523386786
-3.28759149936
-1.07207082999
-2.49922232768
-1.18783018455
-1.18783018455
-3.2676586363
-3.57391458604
-1.89054866304
-4.0055293322
-1.92524969897
-2.53634334477
-3.34565446181
-3.87677805279
-2.89237384945
-1.89346799968
-3.22537167176
-3.10716659807
-3.5281680098
-3.96228893176
-3.61950494765
-2.92983015495
-3.85176654798
-3.86084850704
-3.3774195067
-3.45713107693
-2.93137929134
-0.5451904966
-3.05270656209
-3.58701387356
-3.69152534139
-2.17228190173
-3.79801463169
-2.91811310831
-3.71808155061
-4.08785457063
-4.35396928107
-0.918829725435
-0.0613997011012
-2.43115450947
-2.79973742186
-1.69044611228
-3.31146173238
-3.42016604078
-3.92563763828
-2.85067941319
-3.39376957459
-3.34482387203
-0.753683964289
-2.96099451598
-2.53581167002
-1.37331028196
-3.16914345408
-3.06335529188
-4.5315429729
-3.12925869276
-2.81608585845
-3.76162080044
-4.05499257211
-4.29862530028
-3.55760796516
-4.04936294959
-4.39601170693
-2.98567925042
-4.03801825054
-1.78616045386
-2.61857314698
-1.53686342444
-2.86833883672
-0.507280050956
-3.14702719166
-3.71726119375
-1.45956448961
-3.23815893313
-3.97625588863
-3.26625464035
-3.02792809117
-2.47119100361
-2.6305381752
-3.86820278514
-3.5360454662
-2.89213164187
-3.94767768562
-3.6340898884
-3.54726624484
-3.77471197373
-3.39486544451
-3.31253710229
-3.62614690593
-3.55427416128
-2.44801954889
