-3.56372909948
-3.11832086123
-2.82527751625
-3.34481120286
-2.95209133767
-3.492622523
-3.04154808627
-2.28948309286
-2.92502837657
-2.55667314395
-2.66303003284
-2.84107707308
-3.38133155988
-2.88309351099
-3.17405392705
-3.54724374198
-3.85499449506
-3.72193605646
-3.67602947209
-3.36814342257
-3.21727690048
-2.60598574655
-2.79453563901
-2.91966543045
-2.7864842266
-3.28394098425
-2.95209133767
-3.72193605646
-2.66114453053
-3.16304929506
-2.91966543045
-3.42261282169
-2.80091759926
-3.56372909948
-2.90248781667
-3.56372909948
-2.87087899941
-3.53264516343
-2.88840029275
-3.72776870519
-2.68051267852
-3.60903217162
-2.99009403435
-3.53163019343
-3.22297496874
-3.48680459791
-3.4450471057
-3.87295317728
-3.24167598714
-3.35495199357
-3.50299871621
-3.81182315837
-3.83000121554
-3.89294344395
-3.49251616624
-3.9567975944
-3.92373251015
-3.35044906427
-3.13987274788
-3.33650170219
-3.09370602745
-3.4450471057
-3.87295317728
-3.93116716176
-3.89294344395
-3.30095740854
-3.59102951369
-3.63213702818
-3.14757026945
-3.37312303148
-3.31823938492
-3.36000332619
-3.16860380307
-3.21886405748
-3.24942543243
-3.82280252677
-3.35044906427
-3.48010283392
-3.49176360761
-3.53205825228
-3.33713323524
-3.07713433503
-3.33716435828
-3.5966022086
-2.82406144313
-1.61809602583
-1.69716265583
-2.95086429281
-2.08764084589
-1.50278186855
-2.11407058386
-1.81079660905
-2.43204737635
-2.2279276758
-2.91110075208
-0.945360093317
-2.53272902662
-2.21453219455
-2.29573782819
-2.23562296926
-2.53209220812
-2.34612165379
-2.27765642148
-2.7945866635
-2.06198802922
-2.36546579269
-1.07561098457
-2.79052787334
-1.79981665108
-2.97811345835
-1.80353934016
-2.37663038102
-0.569538187308
-2.34839756298
-1.36006161324
-1.93349801196
-2.57037338214
-1.82200328422
-2.13786157589
-2.3644202017
-2.61038895844
-2.16139802657
-1.75584653091
-1.79913745357
-2.34635077893
-1.28861273736
-1.63075541324
-1.88020965146
-3.14977672215
-1.70880803807
-2.76952331079
-2.240352512
-1.16475022838
-2.53437029051
-3.45751460042
-3.95043867849
-3.43815330316
-3.68247236173
-3.01842290026
-1.8995081101
-3.10443232101
-2.72161986879
-2.85826129497
-3.02548542369
-2.4614075824
-4.01004850294
-2.64661703025
-3.70249330239
-3.70249330239
-3.83209842408
-4.18997702334
-2.8409786726
-2.244112101
-2.92017149221
-2.73419159119
-3.06120441998
-2.41936365349
-2.74150138682
-3.89369015567
-2.0382022173
-3.35633658633
-2.84822331158
-2.82949666016
-3.01351968727
-3.39578498644
-2.27797172349
-2.83179283533
-3.72188459377
-2.54142589714
-4.10582185761
-3.45131161743
-2.93904327971
-2.63709598093
-3.07058292156
-2.89307971985
-3.110483997
-2.87732265664
-2.89999513102
-2.28930040797
-2.56607737518
-3.1133212072
-3.82591282717
-2.37042052511
-3.63858313477
-2.81127912728
-2.45099994031
-3.07225486848
-2.95509036201
-2.97417577191
-3.14510877614
-3.33389509957
-3.37377396922
-2.54454438168
-2.30633142929
-3.24595886897
-3.82628533294
-2.43381185371
-4.25578413384
-2.09193114232
-3.05053577786
-2.7970705451
-2.4049891979
-2.55451586577
-1.8945636818
-3.69940383868
-2.36611698667
-2.96946066653
-2.9748253093
-2.92347825034
-3.29425516397
-3.60830504399
-3.8477071422
-3.26726829127
-1.83726304915
-3.2832535293
-2.06437364363
-2.81282058614
-1.47762911903
-3.26864677117
-2.27652056751
-3.03710788073
-2.71235918179
-2.76562157519
-2.03821580034
-0.576087840391
-3.27709305183
-2.71070900995
-2.7095179255
-2.22017340526
-2.79401278998
-3.2647909448
-2.21237843763
-2.17856611825
-2.72597350646
